Policy Id,Policy Holder Id,Date Of Service,Coverage Main Category,Coverage Sub Category,Billed Amount,Policy Holder Pays,Plan Pays,Rule used,Individual accumulated Deductible as of Service Date,Family accumulated Deductible as of Service Date,Error Code,Error Message,Processing Message
100001,1000011,5/6/2016,Inpatient Hospital Care,ROOM AND BOARD,1000.00,1000.00,0,40% AFTER DEDUCTIBLE,2000.00,2000.00,,,ANNUAL DECUCTIBLE  (INDIVIDUAL or FAMILY) not met
100001,1000011,5/7/2016,Inpatient Hospital Care,ROOM AND BOARD,1000.00,1000.00,0,40% AFTER DEDUCTIBLE,3000.00,3000.00,,,ANNUAL DECUCTIBLE  (INDIVIDUAL or FAMILY) not met
100001,1000011,5/8/2016,Inpatient Hospital Care,SURGERY,4000.00,4000.00,0,40% AFTER DEDUCTIBLE,7000.00,7000.00,,,ANNUAL DECUCTIBLE  (INDIVIDUAL or FAMILY) not met
100001,1000011,5/8/2016,Inpatient Hospital Care,ROOM AND BOARD,1000.00,600.0000,400.0000,40% AFTER DEDUCTIBLE,7600.0000,7600.0000,,,ANNUAL DECUCTIBLE  (INDIVIDUAL) met
100001,1000012,7/8/2016,Outpatient Services,PRIMARY CARE OFFICE VISIT,140.00,140.00,0,40% AFTER DEDUCTIBLE,140.00,7740.00,,,ANNUAL DECUCTIBLE  (INDIVIDUAL or FAMILY) not met
100001,1000012,7/9/2016,Prescription Drugs,GENERIC,25.60,25.60,0,60% AFTER DEDUCTIBLE,165.60,7765.60,,,ANNUAL DECUCTIBLE  (INDIVIDUAL or FAMILY) not met
100001,1000016,10/12/2016,Prescription Drugs,GENERIC,61.40,,,,,,E0001,Policy holder does not exists,
100001,1000011,7/12/2016,Inpatient Hospital Care,ROOM AND BOARD,1000.00,600.0000,400.0000,40% AFTER DEDUCTIBLE,8200.0000,8365.6000,,,ANNUAL DECUCTIBLE  (INDIVIDUAL) met
100001,1000011,7/13/2016,Inpatient Hospital Care,SURGERY,6000.00,3600.0000,2400.0000,40% AFTER DEDUCTIBLE,11800.0000,11965.6000,,,ANNUAL DECUCTIBLE  (INDIVIDUAL) met
100001,1000011,7/14/2016,Inpatient Hospital Care,ROOM AND BOARD,1000.00,600.0000,400.0000,40% AFTER DEDUCTIBLE,12400.0000,12565.6000,,,ANNUAL DECUCTIBLE  (INDIVIDUAL) met
100001,1000013,7/16/2016,Outpatient Services,PRIMARY CARE OFFICE VISIT,120.00,72.0000,48.0000,40% AFTER DEDUCTIBLE,72.0000,12637.6000,,,ANNUAL DECUCTIBLE  (FAMILY) met 
100001,1000013,7/16/2016,Prescription Drugs,GENERIC,12.40,4.9600,7.4400,60% AFTER DEDUCTIBLE,76.9600,12642.5600,,,ANNUAL DECUCTIBLE  (FAMILY) met 
100001,1000012,8/8/2016,Outpatient Services,OUTPATIENT SURGERY,302.00,181.2000,120.8000,40% AFTER DEDUCTIBLE,346.8000,12823.7600,,,ANNUAL DECUCTIBLE  (FAMILY) met 
100001,1000012,8/9/2016,Prescription Drugs,GENERIC,240.60,96.2400,144.3600,60% AFTER DEDUCTIBLE,443.0400,12920.0000,,,ANNUAL DECUCTIBLE  (FAMILY) met 
